1 1 1 : 1.4828915091631254
1 1 2 : 1.5682910250861504
1 1 3 : 1.3562812401132578
1 1 4 : 1.2417176051267242
1 2 1 : 1.458484288503839
1 2 2 : 1.7994246360357367
1 2 3 : 1.7512225905341214
1 2 4 : 1.7616244856521497
1 3 1 : 1.3298487988919498
1 3 2 : 1.7694890528297678
1 3 3 : 1.7541745715887147
1 3 4 : 1.760212390567197
1 4 1 : 1.1997928449576538
1 4 2 : 1.7864629760786213
1 4 3 : 1.7606179759905596
1 4 4 : 1.771550899623528
2 1 1 : 1.351797971409155
2 1 2 : 1.6569335644842027
2 1 3 : 1.2990972708638102
2 1 4 : 1.6268313471179048
2 2 1 : 1.5311656441934358
2 2 2 : 1.5381173950118927
2 2 3 : 1.757565657443395
2 2 4 : 1.77622712718026
2 3 1 : 1.6255721611988039
2 3 2 : 1.7840207513143527
2 3 3 : 1.7588623664530096
2 3 4 : 1.763771304038706
2 4 1 : 1.121993125664655
2 4 2 : 1.8021181964759605
2 4 3 : 1.7626565837226755
2 4 4 : 1.7716104162646318
3 1 1 : 1.3577135132296645
3 1 2 : 1.4280332134033422
3 1 3 : 1.3612625039207937
3 1 4 : 1.8778509702281443
3 2 1 : 1.5691816509681211
3 2 2 : 1.7188326211193334
3 2 3 : 1.7750346549044238
3 2 4 : 1.784715573919337
3 3 1 : 1.5449724638698485
3 3 2 : 1.7276305643718766
3 3 3 : 1.764289827905949
3 3 4 : 1.7678094374878925
3 4 1 : 1.4927027701717128
3 4 2 : 1.7192397155233041
3 4 3 : 1.7709760094277522
3 4 4 : 1.7875328550883998
4 1 1 : 1.2788883963669049
4 1 2 : 1.4293244493301176
4 1 3 : 1.172891274764137
4 1 4 : 1.9641053590431257
4 2 1 : 1.4041784347386204
4 2 2 : 1.7760474180821364
4 2 3 : 1.774724790292681
4 2 4 : 1.8198678496820457
4 3 1 : 1.280344663678359
4 3 2 : 1.83303288330857
4 3 3 : 1.688226016259245
4 3 4 : 1.7723612295499556
4 4 1 : 1.129929643731068
4 4 2 : 1.8310642189331692
4 4 3 : 1.6686919430125686
4 4 4 : 1.6722197548423814
